Processing folder: Out/E1

 21000   1011  20001    111   3000  11010  20010  10101  10200   2001   1011  11100   1011   3000   1002  11100     12  10011  20010  10020  21000  10101  11010    201  20001  10011
  1011  10011   2010     12  10101  10110  30000  10011  11001  11010  10002  11100  10101  11100   1101    111    111   1011  10110    111  11010   1101  10110    201   2100      3
 20001  10200  20010     21   1101   2010     12    201     12  12000  10101  10002  10002  20001  20001  20100   1101  11001   1200   1002  20100   1200  10110   1101  20100  11001
    12     21  10011   2100  11100   2010  10110     12  20010  10011    111      3  10002  12000     12   2001  10011  11010   2100     21    111

Processing folder: Out/E2

  1002   1011  20001    111   3000  11010  20010  10101  10200   2001   1011  11100   1011   3000   1002  11100     12  10011  20010  10020  21000  10101  11010    201  20001   1110
 10011  12000  10101    111   1011  10011  11100   2100   2001  10011    201  10020  20010  10011   1002  10110   1101  10011  10011  10002  11010   2100  10101    201   2100   2010
 10002    201      3  11010  10011  21000  10101  10200  10002  11010  21000  12000     12   2001    102  11100  11100  10101  20010  20100   1011  11010   1011   2001  10002  11100
 30000  11001     12   2100   2001  20100  10110   2001  11010     12  10110  10020   2100   1011  20001  20010  10002  10020  10011  20001  11100  10101  11010  20001   2100   2001
 10011    111  11100  11001  20100   2010  20001  11001  10002  10101  11010  12000   1011    102

Processing folder: Out/E3

  2010   1011  20001    201  20010  11100  21000  12000  10101  10011  10020   1101  12000  20010   2010   1101  12000  21000  11010  11001   1101  11100  10101   1200   1101     12
 10011  11010  12000  11010     12  11100  11001  21000  10011   1101  21000   1101    111      3  10011  21000  10011  20010  20001   1002   2010  11001  10101  10011  10011  11010
 10101  20010  11001   1101  12000   1011  11010  20010  11100   2001  21000  10002   1011  10101  11100  20001   1011   1002   2010   1020  20001  10110  11001  20100  10110   2100
 21000   1011   1110  10002   1101  10011  12000  10002  11010   2001  20100  11010  11100   2010  10020    102   2100   1101     12     12   1011  11100  10020   1002   1101  11010
 20100  10002  11010  20001   1002  10110   2010  20001   2100   1110  20010     21  20100   1011   1002      3  11100   2100   1011  10020    111  10020   1110  20001  30000    102
 20100   1101   1110  20001  11001  10011  10200

Processing folder: Out/E4

 11001   1011  20001    201  20010  11100  21000  12000  10101  10011  21000  11001  10101  20010   1101  10020   1020  20010   1002  20001   1101  11010    111   1011  20001  10020
 10011  10011  20100    102  12000   2010   1011  10011  11010  11100  10110  20010    111  11100  11001  10110   3000   2100  11100   1101  11001  11100  20010  20001  11001   1101
 10101   1011   1020   1110  10110  20001   1011  10101   1110   1101   1020  21000    102  10101  10020  10002  10110   2001  20100   1002  11100  12000  10020  20010     21  12000
  1101   2010   2010   1011    201     12  10011  11010  10110  11010  11001  20010  10002   3000      3  10020  10002   2001   1110  10011  20100  10110  10002  11010   2010   1011
  1011   2100  11001   1101  11010  12000  20001  10002  10011   1011   1020  11010   1101  10020  10110

Processing folder: Out/E5

    12   1011  20001    201  20010  11100  21000  12000  10101  10011  21000  11001  10101  20010   1101  10020   1020  20010   1002  20001   1101     12  10101   1101    111  10020
 10011  10011   1101    102  12000   2010  10110  11001  12000  11100  20001    201    111  11100  11001  12000   3000   2100   1110  21000   2001  11100   1011    111   2010  11010
 11001    102   1002  10002      3  10110  10002  10011    102    102  11001  10002   1101  11001    102  20010  11100  10101  10002  12000  20001  10110  20001  10101   1011  10011
 20001  12000  11100  10011  20100  11001   3000  10101  10011  10101     12  21000    111   1110  10011     12  11100   1110  10002      3  10101   2100  20001  10011   2001  11001
  1011   1011   2100   1200   2001  20001   2010   1011  10200     12

Processing folder: Out/W1

 10011   1011  20001    111   3000  11010  20010  10101  10200   2001   1011  11100   1011   3000   1002  11100     12  10011  20010  10020  21000  10101  11010    201  20001  10101
 11001  10002  12000     12  10101  10110  30000  20001  10002  11100  20100  11100  10101  11100   1101    111    111   1011  10110    111  11010   1101  10110    201    111  10002
  1101  11010   2100     21  10110  10011   2100   2100  20001  10002   1110  10110   2010  10002     12  20001   2100     12   1020    102  11010   1002  11010  11010  10101   1020
 11010  10101    102   2010   2001    102   3000   1011  20010  21000   1110   3000  21000  11001  11010   2100   2001    111  21000     21   1020   3000  10101    102  10020

Processing folder: Out/W2

 10011   1011  20001    201  20010  11100   1110    102   1002  20001   1011  12000  10002    111  21000  10011   1002  10200  11001   2001   1101  12000  10101  12000    201  11100
   102  20001   1002  20010   1002  11001  20100  10101  10011   3000  11010   1011  10101    111  10101  12000  11010   1011   1011  10011  20001     21   1101  20010  10011  11010
  1101  10020    102  20001   3000  10020  21000    201   3000   2100  12000     12  11001   1011   3000  11010   1101  11010  12000  11100  10002  10110   1002      3   2100  10110
 11001   1002  21000  10002  20001  20001  10011   2001   1101     21  10002  10011  11010   1020  10011  11010  11001  10101   2010  11100  11010   2010  12000  10011

Processing folder: Out/W3

   102   1011  20001    201  20010  11100  10110   1200  11001  11010  10011  10002  10110    111   2010   2001   2001  12000    102  10011   1200  21000  11010   1002  11001  10020
 10110     21  10110     12   1011  20100   3000  10101    102    201   1002  11001  10011   1011  20100     21   1101  11010   2010  10110  10101   1002    111  10011  10002   2001
 10002  10011     12   1020   2001    102  11001  21000   1110  11100  10011  10002    102     21  10020   1101   1101     21  20010  11010     12  10002  11001   3000   2001  30000
  2001  20001   1011  11001   2001  11010  10011  20001  10101  10101  11001   2100  20001  10110   1011   1020  11001   1101  11001    111  20010   2010   2001  10011  11100  11100
 11001  21000   2001   1101  11001  21000   1011    201  11001  11010  11010   1110   1002  20010   1200  11100  10200  10002  11100  11100

Processing folder: Out/W4

 11010   1011  20001    201  20010  11100  21000  12000  10101  10011  21000  11001  10101  20010   1101  10020   1020  20010   1002  20001   1101  12000  10101  10011  20001   2100
 11001  10011   1011  11001   2001  10110  20001   1011  10020  11001   1101  11010   1200     12   1101  11100  10020  30000  20001  11010     21   1011   2100   1011     12  10110
 10200  21000   2001  10002   1101  20010  10002   1020  11100   2001   1002  21000   1101   1110  11100  10101  10011   1002  10002   2010  20001   2001  10110     21   1011   1101
 11010    102   1011  10110   1110      3  11100   1011  11010   2010  11001   2010  10110  10002  11100  10101  11001   1110   1200  10101  20001  11010   2010   2001  10101  10101
 12000  11100   1011    111  10002  20100  20100   1011  11001  20001      3  11100    102  20100  10011  10002

